mean : {'B01': 1505.3912245,
 'B02': 1262.278884,
 'B03': 1188.270451,
 'B04': 1038.9751485,
 'B05': 1298.016616,
 'B06': 2304.750201,
 'B07': 2820.626611,
 'B08': 2676.388643,
 'B09': 568.939934,
 'B10': 18.29427,
 'B11': 2073.8799665,
 'B12': 1170.6030005,
 'B8A': 3105.341244}

std : {'B01': 981.0595285790714,
 'B02': 1055.6179992139178,
 'B03': 1044.5322001484756,
 'B04': 1181.0540245679736,
 'B05': 1098.2968767668983,
 'B06': 1104.3583924379755,
 'B07': 1235.1890691868484,
 'B08': 1169.186500135096,
 'B09': 348.91136284684853,
 'B10': 25.334801244398527,
 'B11': 1134.6082535123755,
 'B12': 918.6739574276703,
 'B8A': 1300.942717213371}